week = 1:7;
rainfall = [15, 22, 30, 10, 45, 25, 35];

